Vector Kr : 
157
190
74
119
21
3
34
248
51
162
225
38
35
185
132
67
123
242
164
6
153
221
81
182
135
104
96
82
151
219
19
200
236
35
92
205
113
167
197
114
129
16
152
52
122
216
116
230
164
14
122
145
167
174
222
170
77
235
203
210
115
92
228
182
251
105
88
158
135
227
52
228
40
122
112
124
39
60
167
163
83
221
30
66
85
217
144
113
0
245
61
173
222
92
164
218
106
254
48
196
254
156
203
167
31
25
195
146
242
24
255
187
138
208
119
239
175
18
125
194
212
42
145
246
37
172
154
95
44
10
199
252
172
131
29
96
32
214
55
149
208
180
49
252
238
47
72
98
6
2
67
14
3
187
99
13
105
31
214
85
121
110
24
190
144
16
168
198
25
155
75
194
93
133
132
60
57
133
95
63
174
110
244
103
65
85
252
30
90
77
207
246
253
207
200
249
65
222
231
214
253
251
115
134
28
71
219
254
227
192
254
138
39
67
135
219
19
80
106
137
75
253
155
156
94
228
43
173
159
149
2
40
103
76
66
79
251
60
116
101
209
224
244
221
205
129
139
45
67
87
217
70
197
186
99
17
Vector Kc : 
117
142
52
155
2
232
105
196
1
141
244
166
143
153
158
160
0
164
122
151
171
101
251
21
137
159
53
146
113
239
243
107
115
129
239
109
188
142
58
161
69
181
105
145
210
131
87
214
254
251
214
218
163
184
4
171
226
113
65
31
102
91
190
17
213
138
219
21
91
96
0
131
146
186
161
139
82
227
244
189
209
223
228
5
59
248
110
14
24
153
173
203
142
161
120
218
98
65
137
138
124
30
56
206
126
136
247
157
113
194
107
147
231
194
115
98
38
59
75
68
7
35
52
189
184
161
70
105
121
169
176
104
168
155
224
44
107
57
203
88
146
57
114
84
152
180
248
197
138
50
16
35
238
183
33
34
130
9
204
13
189
112
83
39
152
224
51
210
106
36
83
83
40
246
80
112
40
133
247
77
189
136
231
114
171
145
167
93
56
181
60
47
78
160
194
50
209
ITER_MAX : 
1
